0 1 2 3 4 5 6 7 8 9
132413220 121411241 124115122 235124343 53432514 153262365 163343436 446313743 414822459 351615449
232413220 221411241 124115122 235124343 53432524 253262365 263343436 446323743 424822459 351625449
332413220 321411241 124115122 235124343 53432534 353262365 363343436 446333743 434822459 351635449
432413220 421411241 124115122 235124343 53432544 453262365 463343436 446343743 444822459 351645449
532413220 521411241 124115122 235124343 53432554 553262365 563343436 446353743 454822459 351655449
632413220 621411241 124115122 235124343 53432564 653262365 663343436 446363743 464822459 351665449
732413220 721411241 124115122 235124343 53432574 753262365 763343436 446373743 474822459 351675449
832413220 821411241 124115122 235124343 53432584 853262365 863343436 446383743 484822459 351685449
932413220 921411241 124115122 235124343 53432594 953262365 963343436 446393743 494822459 351695449
